# Created by Octave 6.1.0, Mon Dec 28 20:28:36 2020 GMT <unknown@Lenovo-PC>
# name: CNNtable
# type: scalar struct
# ndims: 2
 1 1
# length: 5
# name: layer1
# type: matrix
# ndims: 3
 5 5 6
 -0.34349663923813156
 -0.56022805372435402
 0.61523785420911792
 0.14887254908672953
 -0.83921841331436919
 -0.44528805782161451
 0.26963589695118984
 -0.81837272022215402
 0.83956454965157223
 -0.43440696738079243
 0.90647343881319742
 -0.31210988276677942
 -0.13980643830742556
 -0.10140800336140687
 0.38772036371094365
 0.48920448391650706
 -0.38829971082640924
 0.83630482780199578
 -0.041217876809018117
 -0.49346480318549846
 -0.52962904130598409
 0.79289152212656111
 0.1466986274753046
 -0.45229445551212843
 0.41608337992742994
 -0.24889291147596682
 0.19073495589543477
 -0.65664193299543627
 0.94340260585865421
 -0.78180676747608424
 -0.13543969293381952
 0.27901150869346814
 0.95136685744361427
 0.21262192976013528
 -0.50332895055985416
 -0.66291209734219736
 0.053862248357031905
 0.85173250128390321
 -0.96184342558362879
 0.64427157804326352
 -0.080012378525709194
 -0.42260592835017574
 0.55777843501772306
 0.33600766113520808
 0.011960750471522674
 0.23124707841955705
 0.8272421840582076
 0.39071433824249668
 0.17752684482982062
 0.87583344281413811
 -0.36271365639298625
 -0.1725512481989937
 -0.48522618018914443
 0.23602729285560553
 -0.40804844917982752
 -0.50317509835254648
 0.37654792568473194
 0.90199652593530666
 -0.11672063962910251
 -0.52368417267626399
 0.014606746356389921
 0.18401712338786114
 0.7563780584597668
 -0.38868663987495933
 0.560323239657742
 0.18356195791716901
 -0.14555955369962925
 -0.25068374585596565
 0.4884284969641679
 0.93836152972117781
 -0.46238727068376662
 -0.34496018861459787
 0.35779466501569956
 0.32629130116933291
 0.26259948037941938
 -0.11356874129824135
 -0.82163125487383826
 0.47009659259683523
 0.11518630237664018
 -0.67777266308411188
 -0.69707381219350628
 0.75862853416013087
 -0.91703156731374302
 0.48664697589090178
 -0.37348133782295601
 0.5775174261615017
 0.18878849979931278
 -0.55912958385274303
 0.68901175188328478
 0.96298506089879199
 -0.3427489456128503
 -0.50526764848883032
 0.25336159070465381
 -0.87330372691823355
 0.50616078653177365
 -0.34129511381088262
 0.092720421758850202
 -0.56433878888411071
 0.074913576901616707
 0.84723369324636422
 -0.95427038372698503
 -0.75400956301230071
 0.80140823561730623
 0.78139804166225812
 -0.2074111526668323
 -0.49884858084823747
 0.15957282461321398
 -0.28091420897687236
 -0.15178763063108147
 0.26144470360351124
 -0.075301148785638539
 0.90493057008987088
 0.1380013476207429
 0.62738050224667341
 -0.54232162863998767
 -0.91776541507977583
 0.93817167990442396
 -0.33155718818784075
 0.94071275230937212
 -0.84860393557321667
 0.3977456960552328
 -0.70858783289178273
 -0.6326127750611894
 0.10546652748333551
 0.24326440779483871
 -0.90710552549565349
 -0.10375266843468411
 0.30031400215408222
 0.41333482256042053
 -0.26229614169717452
 0.41795090565932758
 -0.55326710761948372
 0.40485118883429094
 -0.4782147478466805
 -0.46962117505808032
 -0.035331380749342722
 0.2657558083619358
 -0.51932961101194186
 -0.80578007485104464
 -0.4533345249019789
 0.33993955639214857
 -0.40451279643035831
 -0.85747710209452177
 0.45652007828481467
 -0.96616890084177398
 0.35398816991734461
 0.060403022410027374
 -0.97833838015565688
 -0.25805406308731271
 -0.95926189300990794


# name: layer2
# type: matrix
# ndims: 3
 5 5 16
 -0.83475147727347965
 0.54769807691969419
 0.91668850541615221
 -0.95610544910025386
 -0.30742356847116836
 0.58810973131364519
 0.79532601226169675
 0.20940610526491765
 0.087612960049185729
 0.53469313991128176
 0.36887734635701586
 0.013715286533293902
 0.11291036400059618
 -0.95462242088731442
 -0.11747122889231432
 -0.5780758067779368
 0.029173910458033747
 0.7288879309841485
 0.94950255827435681
 0.44498030297269442
 -0.24464492812223471
 0.69941227827617936
 0.70060634321780779
 -0.26200181551198276
 -0.26718050963723305
 0.64926779757674247
 0.93959688885320802
 0.6456411069014838
 -0.60153906013725345
 0.23919435951257029
 -0.67395457831531647
 0.75300488588764458
 -0.33325690261144936
 -0.79026368819659387
 0.02984935805121558
 0.6450531066900671
 0.49475942532975958
 0.49964923135486483
 0.36758941505455422
 0.47153281822809334
 0.71113765265185425
 0.13812310638969172
 -0.63831474606369265
 0.91665892182551234
 -0.40164910662582809
 0.84587941331008554
 0.13548495138036576
 0.11766719725865671
 -0.24244271741837964
 -0.063545611672192859
 0.33904987713263623
 -0.63037711314817968
 -0.055401830280969344
 0.19190430413807391
 0.094432953262726382
 -0.91921003070049023
 0.11523160539259858
 0.93346461872610886
 0.9814684518081378
 0.66341706265170552
 0.038175208852424314
 0.46964601420118379
 -0.4812952745547876
 0.58392342341814718
 0.11468053912446718
 0.85134109356986221
 -0.98673518318230857
 0.045936526318791637
 -0.53150309344708102
 -0.72759953067895622
 0.88849682758211279
 0.50936613212254822
 -0.3707298684598499
 0.20538806072241766
 -0.61156002974453272
 0.8430105510940662
 0.093358630107306828
 0.44152448431704516
 0.93558350785600508
 -0.71160037543851429
 0.97976253543617386
 -0.046614810644652893
 0.75488375773516436
 0.20358892207574009
 -0.08590813311361889
 0.94155951902042778
 0.89357826700544107
 -0.62929393797877653
 -0.86858426612455886
 -0.55308774216918555
 -0.44847069490517177
 -0.64860928660177009
 -0.790634643276243
 0.44329066524996996
 -0.72018822873288646
 -0.53729609431438363
 -0.27536690119803353
 0.35629372524198
 -0.68351375721936547
 -0.26151678918028587
 -0.041278614939546099
 0.66362156190906085
 -0.87997944715942888
 0.095406892267924981
 -0.8496669694235166
 0.083617911689506608
 -0.89161331838718905
 -0.48198021087665865
 0.96890276946986376
 -0.18019618639154467
 0.20897034890740462
 0.83983802962279097
 0.65691062741076145
 -0.29410372134541607
 -0.58183850257352088
 0.90167242155786398
 -0.96688493114253249
 0.91413154184529644
 0.49546658952891587
 -0.98416622472079429
 -0.67098901321585624
 -0.48621964464268408
 0.93434930092699098
 -0.062651896696006348
 -0.166626891978366
 0.34186753468819076
 -0.058440806136596413
 -0.24497667585896976
 -0.26998700027409384
 0.9465137981321321
 -0.36862596038086992
 0.25222530891757922
 0.13776994240178286
 -0.11011976343706809
 0.22419623964972391
 0.39625522191490248
 -0.18404198755122048
 -0.21109261884473463
 0.86020559567344868
 0.1475548242857756
 0.5351884362842545
 0.7125279092122403
 0.12781830724937859
 0.34113710724617929
 0.13403375845968424
 -0.35966357240631175
 -0.50875453221714317
 -0.64365573916028063
 -0.82423925293743827
 0.20644349887271773
 -0.96416285485362074
 -0.51694360838922826
 0.9902560606046773
 -0.0031447183582415938
 -0.49540689740041777
 -0.40822375740598082
 0.014389814216018149
 0.87646272586980456
 0.87760564015530451
 0.04507106923792481
 0.52981471369351985
 0.33990904201129424
 -0.5715735863551028
 0.44357806852595671
 -0.69239109808712684
 0.3372069149349235
 0.8050582924695826
 -0.75718356504483042
 -0.86589190369592473
 -0.8405992994589464
 0.84734293184543685
 -0.22313415562283567
 -0.34448117756131857
 -0.20691375800789147
 0.89488773214833639
 -0.15863097516708735
 -0.81615391631370882
 0.050706815402936645
 0.49696169204823049
 0.27947328113752867
 0.82851847420403346
 -0.3177914349783022
 -0.30957827321820619
 0.45310787649342288
 -0.18497139587349443
 -0.61601647361011436
 -0.85326570105351118
 -0.48309659624800028
 0.23558526486898268
 0.29391965783392693
 0.069593421762556007
 0.078562299147541204
 0.21589652560349193
 0.094298501032080262
 0.59760748338632941
 0.86114568952207704
 -0.64072676617006707
 -0.25230865667990821
 -0.46417010708307771
 0.77732098436974373
 -0.44907120384789256
 0.88346661738496812
 0.54960289358365988
 -0.50004144714413878
 -0.66927425469282009
 -0.67691002046119864
 -0.17547915943842218
 -0.86889678526962655
 0.44090153958728218
 0.71893646579643433
 0.86148008541294852
