# Created by Octave 6.1.0, Mon Dec 28 22:36:09 2020 GMT <unknown@Lenovo-PC>
# name: savedCNNtable
# type: scalar struct
# ndims: 2
 1 1
# length: 5
# name: layer1
# type: matrix
# ndims: 3
 5 5 6
 -0.68384087408286764
 -0.94533290987872953
 0.82873340580326849
 0.6436077920384573
 -0.66842055566316549
 0.52714265595302146
 0.63830007681360335
 -0.70372064886142627
 -0.74728009343490531
 -0.60707084017942758
 0.84304466728238658
 -0.14067063095442345
 -0.64462649947329265
 0.34647065947823119
 -0.11681201694533172
 -0.14068404898730469
 0.29999047712878957
 0.81561567863242135
 0.00075510765218989029
 0.52960365849971813
 -0.38221848020434757
 0.068323645882365502
 -0.73241963568266311
 0.3266290942619654
 -0.55926981774115347
 -0.92467581507107255
 0.64148543574242822
 -0.12484457966320806
 0.061325363517677811
 0.94771055195453591
 -0.54461607790895128
 -0.80634813496547575
 0.30662949649314619
 0.080786599278382498
 -0.4760372862431157
 0.38981787271815804
 0.98493107909868605
 0.53409719720429516
 -0.16258184164364664
 -0.36003220584988926
 -0.98060951033837984
 0.84129000739663939
 -0.35236960886806079
 -0.094513289366134901
 -0.89269564120300315
 -0.78876704822868726
 -0.38528387006008957
 0.68279728298032571
 0.39399645585890219
 -0.93308097458608552
 0.32758084464803705
 -0.29502035252327086
 0.082487852228716463
 0.76285419698769119
 0.75769458502580656
 0.68258246846874493
 -0.92381987366162877
 0.23075833069971563
 0.89253309422995386
 0.2585016188745779
 -0.32347191993496804
 0.60020763232490948
 -0.82836442510275443
 0.98437290139686229
 -0.88539911103961111
 0.12528177392031226
 -0.34121153394537185
 0.90847342383165319
 0.7970754902414372
 0.73339906445442171
 -0.38929833339531483
 0.66927144356220514
 0.57875182258127889
 -0.84814843557577935
 -0.17453258299815011
 0.28276174440286184
 -0.17968513145821841
 -0.78268483464172189
 -0.85469741949303724
 -0.65499094332480667
 -0.56430277562829745
 -0.27886349357465345
 0.84453602870007205
 -0.63714386429461456
 -0.47592252699120108
 0.083932905596049379
 0.33831932898891415
 0.81881673346671913
 -0.55340884142835289
 0.78287336251132777
 -0.92946938369212684
 -0.13838921795610171
 0.49362809064326751
 -0.84267098877209845
 -0.15669770012033268
 0.91549721593832167
 0.4087497440640957
 -0.15446767428297448
 0.14168788076751992
 -0.31447529684581221
 0.032387285572240687
 0.88854462124381417
 0.47253869787539093
 0.71595765606520878
 -0.42010192230305665
 0.94460368556895302
 0.95957904996580878
 -0.84415602455766514
 0.14874723305921544
 0.93452000417042536
 0.90915146928318502
 0.9323077723056119
 -0.71810994321916599
 0.25377958536941669
 -0.33661145598061815
 0.99849694615373785
 0.90334268257529504
 0.49466853087513241
 -0.88690383727692246
 -0.23995021177563669
 -0.15517555840516284
 -0.32743920403542126
 -0.64210147143001839
 0.85439861059972833
 -0.049408930640511439
 0.26100975216721523
 -0.73519970586058503
 -0.52621311850975716
 -0.024534969567850506
 0.77404453953230079
 0.6904147359361652
 0.69469314325809273
 0.75484988174730439
 -0.34441968516655486
 0.64704331326230879
 -0.36703696930455898
 -0.30334914147046765
 0.48851284051309718
 -0.57866951500815555
 -0.41867728640958424
 0.89389252467952107
 0.85099834771259819
 0.23361248283700964
 -0.9510570030394907
 -0.8667766310959506
 -0.28900687551490334
 0.68165826500476712
 -0.44241277245305732
 0.24528823905021269
 -0.10985878638267366


# name: layer2
# type: matrix
# ndims: 3
 5 5 16
 -0.31658500133095702
 -0.64423322108452274
 -0.96034855314062084
 -0.95331570814832878
 -0.71985908868011372
 0.20791706655961617
 0.12060539982499563
 0.36510951570536743
 0.2098210613460203
 0.047502150453538006
 -0.22887915742813236
 0.39453291676743896
 -0.90394481992783282
 0.39950907603035013
 -0.045318766200469041
 0.89405540911556503
 -0.46002905786613657
 0.69046926629928285
 -0.76303024432079058
 0.83780831673990352
 0.50020941682296516
 0.48547385074049454
 -0.066027343926305049
 0.60912761274308425
 0.13231929748941185
 -0.97419880433997874
 -0.50064276247544592
 0.30441808481170818
 -0.83654613848973658
 -0.80813110557860823
 0.33750786434802671
 0.77774596773391846
 0.91528166821362134
 0.86206498137126464
 0.74359763301345572
 0.78010137922713607
 -0.93322909381183594
 -0.8842368553622415
 0.12373108788505593
 0.57070234594850255
 -0.55490715171357885
 -0.29281526937263846
 -0.75206545496679533
 -0.71802810845164045
 0.58498526789352345
 0.44750390167697129
 0.48713557692314402
 -0.74289942597620762
 0.15971420196725772
 0.40540271608554512
 -0.33320825925932396
 -0.51651827406837159
 0.211116240469714
 0.9621638159384831
 0.33110254868196987
 -0.81402024817337204
 -0.78417454130164166
 0.64188203574829905
 0.31962332697460383
 0.75569716380095353
 0.133330997719874
 -0.10349085682568404
 -0.17487656641487237
 -0.91580710646102292
 -0.24315047640975251
 -0.19946725989965453
 -0.77811770638047184
 -0.24041540021671692
 0.26390589604062664
 0.46205326411715841
 0.46997039228277759
 0.37838311805395874
 0.41026238625025613
 -0.076779020704249357
 -0.34023885210889859
 -0.86000470742905266
 -0.34095154244496428
 0.71642933027164957
 0.29833202262267999
 -0.83472227977048408
 -0.39088309161661816
 -0.084192439166457467
 -0.87507025974889174
 -0.080065113014536227
 0.80623302471998626
 0.96851582908926992
 0.0119052157400521
 0.090065529305868752
 -0.83479340049341655
 0.64518077568344245
 -0.68326777074382705
 0.24272238334364782
 0.32670761315821095
 0.9079068694662813
 -0.74488343337808671
 0.63719796568285836
 -0.25046197874101117
 -0.35993996479703627
 -0.024666655484086641
 -0.21706743652779159
 -0.073128878117368457
 0.7864965797669734
 -0.052666977223348566
 -0.63796765247981746
 0.89220139777383478
 -0.43338963764727789
 0.52397684277947465
 -0.16620820537825565
 0.99140424140154693
 0.60374013001227844
 0.35990822263043643
 0.57670012560036388
 -0.22963669255029129
 -0.029910411382629398
 0.71651748033050966
 -0.1525617433462001
 0.95511855778092714
 -0.87012834592855848
 0.38535833280689635
 0.19188104410624729
 0.019030364714347936
 -0.1227878778826923
 0.11304837882988683
 0.070714177171997683
 -0.8122234359179914
 -0.48062139800090597
 -0.29585655753523077
 0.39473287055414441
 -0.14952965967392617
 0.86692991286747034
 -0.47137645388908433
 0.48921262969969637
 0.97747243494241731
 -0.14090650085652756
 0.25944629145414377
 -0.3903711349296386
 -0.83359620002090673
 0.01323407308071034
 0.15366180445068478
 -0.2380294155759588
 0.33626939462923522
 0.8725145555708862
 -0.37212505451689304
 0.58968482306972825
 -0.75905308418681017
 -0.79058066425686513
 0.61631450739791727
 -0.87298964341252372
 0.0024824223781045873
 -0.64172607355544353
 0.044166065657221365
 0.72152074651829468
 0.6630038092754158
 0.86520725979894575
 0.093472242234330594
 0.55050252214660089
 -0.89148127502997165
 0.01426443493728824
 0.8629956286310525
 -0.97348003745981404
 -0.47985785766149758
 -0.21395618360283497
 -0.26922439576626234
 -0.47145060706366548
 0.7290006245072902
 0.034121587972958389
 -0.6047802135772562
 -0.68729722579879637
 0.03062482486501672
 -0.52907105025780776
 0.89946308545404108
 -0.5372646770682088
 0.90690059524242139
 -0.04246291870409924
 0.82633716952404801
 -0.33906196866069171
 -0.34824080637951949
 0.093241367974802758
 -0.54829055138766014
 0.27597793441191709
 0.79652362195708615
 0.29746362187764253
 -0.24211504576393517
 -0.20869308997906644
 -0.07350761817928797
 -0.7482642157000845
 1.1586853647216344e-05
 0.59294270451604336
 0.48509769770891564
 -0.031692430790107862
 0.051322065437775066
 -0.42560927011577476
 -0.66358184437068024
 0.93501329482042794
 -0.67699968557891399
 -0.052106566291453937
 -0.78580916579450966
 0.52696980139875804
 -0.12720643066548254
 -0.50342835067301972
 -0.019658599420985468
 0.23045545573208526
 -0.34254748125982437
 -0.66957409958082037
 0.19214886682433097
 -0.56278178757867114
 -0.6267008460753174
 -0.96250394569080067
 0.83935809350077029
 0.20125719404671427
