# Created by Octave 6.1.0, Mon Dec 28 23:12:02 2020 GMT <unknown@Lenovo-PC>
# name: savedCNNtable
# type: scalar struct
# ndims: 2
 1 1
# length: 5
# name: layer1
# type: matrix
# ndims: 3
 5 5 6
 -0.71269389771355374
 -0.72221881863425996
 -0.9907302795300823
 0.45386492555269808
 -0.55301318550426304
 0.11333065118489616
 0.84563935152215808
 -0.51137049298625525
 0.061242689080523771
 0.61781356142661958
 0.91423144064880923
 -0.20003949599003557
 0.041757411586291981
 -0.14849900683337025
 0.032832753788290425
 -0.42425080823752981
 -0.14230523644742332
 -0.14370350663768439
 -0.12941604431380527
 -0.62156717557677976
 0.65761484686886074
 -0.55903648342893297
 -0.68385867608429751
 -0.75029547299420529
 -0.48101186517092454
 0.090432027775692259
 -0.11618718499206171
 0.043322897843877328
 -0.1110309706892203
 0.43719765064884508
 -0.014325459483332414
 0.72918372507477613
 -0.10116405501696657
 0.81057344956039801
 0.49702681408758287
 -0.50986933166661563
 0.82218485728287405
 -0.68360231751790779
 -0.64069174961773201
 -0.48780901447769098
 -0.93351330828085377
 -0.22436574597419789
 -0.26306073338629243
 -0.32222339670109079
 0.86670308896287573
 -0.88214211896045569
 -0.88280698173229522
 0.40882179550980258
 0.76339421591845036
 0.93997273114603863
 -0.21786091548810127
 -0.53643144904985007
 -0.13166273983594889
 0.89653784802175096
 0.099997732910730219
 0.4963213962684434
 -0.67278478256634289
 0.98790239574827932
 -0.43888826751035692
 0.26355136762623554
 0.63382951260459319
 0.54875175945546761
 -0.032593368711838933
 0.57989077298883651
 -0.5565520483060129
 -0.93549792652934949
 0.7923361841077774
 -0.58235578711558178
 0.28507261203498002
 0.13595297315292543
 -0.053805533289931207
 -0.64133823226298503
 0.79061676724797136
 -0.82494241237650079
 0.32880546664241295
 0.071232928557543929
 -0.42718583148880196
 0.79128951989647578
 -0.2509332598258045
 -0.24464500487105667
 -0.4495139358195781
 -0.72268630265335121
 -0.16445267895215099
 -0.83010091705312616
 -0.91850286823455463
 -0.39218044144414432
 0.48329523938434904
 -0.86312792025358887
 0.30498906152727101
 -0.64918888644127759
 0.59336436455811192
 -0.84025285513866343
 -0.69479747571758677
 -0.73338697627984817
 -0.33537731885692312
 0.1312553153767213
 -0.44197300546720109
 0.069425176060770477
 0.39016602951060642
 0.23803171418719504
 0.57001266636579939
 0.10337940661541545
 0.56752075554710602
 -0.82995721305138481
 0.29615969984428303
 -0.88088283914567334
 0.014576743556076854
 -0.010722223685741827
 -0.77615610007504054
 0.7295075585116384
 0.53668800116475213
 0.83940640928912003
 -0.45073420946443332
 0.48646105981405929
 -0.0064424006177483673
 0.25890198175269541
 0.81684989115096029
 0.61269081380054757
 -0.12771391964470502
 -0.73255121984028393
 0.88727546266044399
 -0.91356284210242666
 0.24136024887817475
 0.01899013469084232
 -0.46550950358047727
 -0.97740319121281316
 0.75140373352186463
 -0.12704650438172171
 0.048745768687909141
 0.38577586873252212
 0.69163781690428605
 -0.016810950769679645
 -0.61403381976422744
 0.16976909330394463
 -0.70479781526343355
 -0.16544027455134391
 -0.99607630313471551
 0.97813909708754121
 0.35435684868606399
 -0.51819579282557449
 -0.0072786086907152825
 0.57659289829252813
 -0.12777385732868995
 -0.93754619562024621
 -0.89797161684063398
 -0.71689886996336094
 0.60836181692723224
 -0.81394041591849198
 -0.57015995970791677
 0.25684047757661821


# name: layer2
# type: matrix
# ndims: 3
 5 5 16
 -0.99268743544133731
 -0.95010208927137785
 0.064131865911773556
 -0.3227728962166776
 0.65875838142718202
 0.99373375680820186
 0.72553403766032787
 0.5504177520963216
 0.37427571340140831
 -0.14187405008248821
 0.13658421233281981
 0.34425543436405004
 -0.3741518553471701
 0.73819179458498274
 -0.48298914524195546
 -0.79082551483409902
 -0.61666217970161297
 0.55444008359844887
 0.57365614620409833
 -0.26079892834404128
 -0.57586716690215711
 0.68310220363271523
 -0.61776583127426643
 -0.90552697496377843
 0.97314180146904006
 0.51424412620574578
 -0.15361429177147401
 0.91546252741301548
 -0.22331024085394935
 0.32516485613829427
 -0.33940283330518484
 -0.90655600073883424
 0.14709278190997566
 0.65566044234022969
 0.59625123083968279
 0.5355254065243984
 -0.62279539686974572
 -0.28803788808680264
 -0.82343079714105105
 -0.23946309084091366
 -0.82604221574752867
 -0.057945481563076218
 -0.78241278223555266
 0.02884914358901991
 -0.87365949592821712
 0.88259864488394046
 -0.25617569596370648
 -0.9968893887353798
 0.34717227852559174
 -0.44913761120629236
 -0.45069379628492956
 0.99183634998781156
 0.10574382136675253
 0.12373481125596619
 -0.8385829470070667
 0.37358796251101078
 0.63560040394803141
 0.51900650321594832
 -0.97314828210493287
 -0.6376168811696632
 0.86310902286147506
 0.99661517707686764
 -0.13452743984122995
 0.35930130425191842
 -0.78759259150118455
 -0.61811613023675194
 0.092847066031355618
 -0.74476351413866304
 -0.65463998429292825
 -0.63007190270978031
 -0.48085814540938521
 0.93645425915146796
 0.14702111019500652
 0.37889376932652774
 0.47468618755882286
 0.89280855797294456
 0.95985243518218311
 -0.70964976426049975
 0.53538534383068925
 0.98845851142868901
 0.2478516340404735
 0.70079209768902828
 -0.21576834315218063
 0.65922991931065189
 0.925876149389397
 -0.48625470127339199
 0.42349690634044057
 0.073450625733697095
 -0.97435666299862089
 -0.001590224887102254
 0.79050233294014172
 0.42890986353635796
 -0.69597548581458368
 -0.43610322024198278
 -0.8290795809397693
 -0.13689653232243115
 -0.53091058722106332
 -0.65420516878328216
 -0.6802850225136885
 -0.46257688157154919
 0.21922101882557743
 -0.41661672003982497
 -0.56855187540948182
 -0.15101272830899681
 -0.38331423371020956
 0.42421321547695556
 0.40021414953368706
 -0.33391545324906202
 0.53433422634771466
 -0.16450001986515028
 0.60352575366053807
 0.64580491949321339
 -0.39613931563204252
 0.82093505838701564
 0.71489571864717671
 0.6963929619380862
 -0.59555500111480009
 -0.83986700966318661
 0.69174496737224467
 0.093472378138645063
 0.15707833262882565
 0.88227432548679419
 0.43774904344775623
 0.04446312182483636
 -0.8124594890105592
 -0.14236119010085035
 -0.36634290359634614
 0.71370487449990105
 0.81196884709719575
 -0.21660464420889047
 0.25715284346963641
 -0.19649879604359866
 -0.68300516679996504
 -0.87172990983330512
 0.1231290791149835
 -0.50239375166221545
 -0.36104134773896934
 0.094998416334521663
 0.74288222641296464
 0.19541644556168203
 -0.56436266687712755
 -0.93918610520579504
 -0.88092177455041187
 0.20007854167036054
 -0.75696842447031631
 0.23147565401372483
 0.89120559681516376
 0.65022240640748796
 -0.6266542230041281
 0.2338393694381784
 -0.99400738594828075
 -0.13868756539564964
 -0.68814560439164962
 -0.53442657965296969
 -0.64815597714622974
 -0.10073344630033443
 0.22346202581809727
 -0.42755685260910292
 -0.9450058134833148
 0.43515354328543343
 -0.7264624679743914
 0.67352492896506333
 0.44605409266180973
 -0.0129754526184791
 0.8544210914550523
 -0.86683088422230625
 0.5032441948890285
 -0.82910190101907699
 0.8326004215705709
 0.88774991416829252
 0.43493345615585355
 0.81757076820945707
 -0.72542802476319279
 0.077080940573993395
 -0.31715499414380965
 -0.95977176437918077
 -0.26122297715378151
 0.063737804645689122
 -0.94543849861590656
 0.15418852439733621
 -0.99115758943672949
 -0.91421574374034309
 0.28163591066178673
 -0.98003142107543328
 0.088403149144982818
 -0.040063157470181965
 -0.46667222070888692
 -0.21402659932225254
 -0.098468645878709182
 -0.97825712308062562
 -0.31379830567329359
 -0.17061396527831429
 -0.61833412143150013
 -0.14407198567140211
 0.89898198463048518
 0.59700989092791823
 -0.21489542725711042
 -0.24100600002461259
 -0.61100824993299785
 0.65527741549691565
 -0.99172813208747623
 0.30693313978738579
 -0.69743258246823059
 0.87676377621289925
 -0.97174027008314212
 0.70443481573445532
 -0.077371349190598515
 -0.32294952771457397
 -0.026561194964859647
