# Created by Octave 6.1.0, Mon Dec 28 20:31:34 2020 GMT <unknown@Lenovo-PC>
# name: savedCNNtable
# type: scalar struct
# ndims: 2
 1 1
# length: 5
# name: layer1
# type: matrix
# ndims: 3
 5 5 6
 -0.064337544410847824
 0.57473031295503052
 -0.81303586995659893
 -0.84366669308556608
 -0.74380804219145613
 -0.66271538602154356
 0.94717100143938193
 -0.082072059541949294
 -0.93349470009062663
 -0.27366713116132768
 -0.46239225026995001
 0.79009252630872839
 -0.44770022859735348
 -0.20168163303391884
 -0.70006059256102038
 0.83122178375842704
 -0.72996767230203208
 0.35977942697274279
 -0.9660798115587288
 -0.20886688295517297
 0.12837102694737434
 -0.46412325755378059
 -0.44086704845313762
 -0.69125227806928802
 0.80703707045630546
 -0.5919714004095975
 0.39162619742412885
 -0.79802212065755129
 -0.70201919205828212
 0.85258582725789966
 -0.31245180619484247
 -0.055396662950419007
 -0.91852273890458669
 -0.56324679791101828
 -0.19396284825910559
 0.9472796377116437
 -0.91170352187705173
 0.50821965876634256
 0.78157119466040315
 0.75198132581081034
 0.10210056960496083
 0.71841563432981115
 -0.56645119823285461
 0.66516876930758895
 0.35536593340898759
 0.22399310362213476
 -0.74149048205602841
 0.18152224634094405
 0.61557781581175131
 0.56847484304539431
 -0.71826191318593757
 -0.33663209202253519
 -0.32828019695345168
 0.52378590639683065
 -0.65576128747276852
 -0.39295375658070264
 0.34604616523646259
 -0.57985456970128535
 0.98830336599560087
 -0.86255007497961511
 -0.54556042155455886
 -0.39903806830390631
 -0.58491898804522524
 0.55109294988639435
 0.96927711168666253
 0.64472825544317724
 -0.29902460115446705
 0.15254230060887664
 -0.74583940152699668
 -0.22820643164575705
 -0.71987435840349345
 -0.42428127444752661
 -0.79222993240044848
 -0.62598777144261297
 -0.041846776035496358
 -0.61737482149782319
 -0.98479907301337111
 -0.28281262960888998
 0.23507634600437655
 0.92032487537534458
 -0.47231652920370637
 0.87756932363321516
 -0.48697587629592842
 0.40052687793324515
 -0.55324240385408263
 0.61824639887904542
 -0.34618267417911386
 -0.95073111091368601
 -0.26768530834835125
 -0.62944007796111445
 -0.83214357018457852
 -0.55092847673525935
 -0.55507942394536669
 -0.026367705745013792
 -0.8259631654998365
 0.86673328106266379
 0.80942398564617757
 -0.71980680861121171
 0.82678082528369345
 0.40664917235941744
 0.19119195337746597
 -0.24716424045926066
 0.77902934023671144
 0.32264126206407484
 -0.8894529712751269
 -0.066051341470145131
 -0.46624601516463704
 0.51705038397554159
 -0.90280941402728065
 0.7123912301436286
 0.72597970900587327
 0.85096583127405934
 -0.94702860939179256
 0.24601554333905518
 -0.15691727599147565
 -0.30495239269095298
 -0.7467839148817077
 0.30898797790521448
 -0.465713653931209
 0.27365758759769299
 0.18972473204697682
 0.2881905455072804
 0.27664855899091489
 -0.74945292871231706
 0.24555007364135006
 0.410931037035557
 0.944510138370112
 0.56941558706062079
 0.49166839444541566
 -0.38800783893390189
 0.36984029333220425
 -0.16057369521365028
 0.099333743430777721
 0.21039935351810302
 -0.93319395471587963
 0.94551110572881791
 -0.23916757077785489
 0.068764428619704887
 -0.96568299030826488
 0.056931833249402208
 -0.31538648563886817
 -0.74013866754710178
 0.68446978318012452
 0.80994411648684306
 0.40676794956926909
 0.9266883023359811
 0.73417524069546647
 -0.58293039108720635
 -0.99881433717674351
 0.69255064585214532


# name: layer2
# type: matrix
# ndims: 3
 5 5 16
 0.78924604111717223
 0.19591535045879249
 -0.085137605464588928
 0.62636675901850869
 0.55145379367866809
 0.8858355383808374
 0.96955699934886397
 0.49033475791407843
 0.45671667300615648
 0.88958154006773205
 0.88169235454144856
 -0.63859064195832271
 -0.74423387378623396
 -0.82124604852609018
 -0.97653736627636145
 -0.44790030539713022
 -0.47983289168161614
 -0.39610661499903577
 0.1139314634071138
 0.88094686466159011
 0.40976629359339745
 -0.061170802598805141
 0.51182423893035667
 0.62208433658816253
 -0.065534954198211981
 -0.55870444905957894
 0.1600308052742121
 -0.51389317969338966
 0.67315754619936152
 0.7234661797295554
 -0.043755721049068441
 -0.4567479708547062
 -0.069078696753607227
 0.1494506186371829
 0.91526929212608366
 -0.30713849165536744
 -0.057933953817705053
 0.94371395585670448
 0.82746154117816051
 0.9608882828450851
 0.84510122574730029
 -0.76552959302163148
 0.3163272630473164
 0.19496390474864578
 0.13855952196971644
 -0.59274021469053317
 -0.00086735681489735761
 0.34302609138900131
 -0.47156679858579564
 -0.45248966935588864
 0.10190557959202429
 0.33532265350620594
 -0.89236990487512635
 0.37089790053294736
 0.66303926981850769
 0.43206501466872616
 0.60008458307136436
 0.1301311027302503
 0.041801238290472442
 -0.066621336720763313
 -0.47271789728366853
 -0.12003532533019334
 0.19114814799618007
 0.45634424273462493
 -0.050861418306999084
 -0.00080358222006560176
 -0.24775864817583271
 0.52961245581919436
 0.87653589345312621
 -0.44123900354911783
 0.26824290090212433
 0.84150800108475488
 0.99865069787871263
 0.2847510236283759
 0.33185126256085717
 -0.59163734533925827
 0.12091904030390355
 0.81415289947993252
 -0.23790552941829901
 -0.11800280387091222
 -0.12928953187726933
 0.36424206402830706
 0.80412240487410824
 -0.95803307164088847
 -0.37411014710128021
 -0.47931935719682728
 -0.84056720714842759
 0.47561934600489897
 -0.85103823960120772
 -0.8977950489972133
 -0.91364820880999531
 -0.50257466554188701
 0.37111109119126073
 -0.72944612845343326
 0.86873118496999724
 -0.17826720643510563
 -0.16886818203059284
 0.12194596310458228
 -0.13828357455480278
 0.9807392072015344
 0.055075519687676655
 0.37633118197735382
 0.41040864628667184
 -0.19541904959013068
 0.46802514966019881
 -0.5209974969659108
 0.54142671236307383
 0.96728689009369262
 -0.88206546734317937
 -0.66684424517551477
 0.305559972016193
 -0.3382972216020681
 0.008619387438831172
 0.59701708897341921
 0.23625590563012833
 0.67151941581039587
 -0.12301850093683653
 0.94259338984195562
 0.37083604318667063
 0.26778638215164241
 0.59999553526237803
 0.63737590565648738
 0.94173490769479296
 0.081382017376402827
 -0.58006930784007515
 -0.64477422076901925
 0.9935784493840194
 -0.062894625721334974
 -0.82016548912191989
 -0.65475259379927597
 0.15308200994349352
 -0.89179764429393837
 0.46189044339576468
 0.56711489191053377
 -0.14579763632400189
 0.88806246074178219
 -0.88429336776508438
 0.81321254361085904
 0.5278276582053063
 -0.11083273685968398
 0.10976994923588812
 -0.84523119845927597
 0.73341974325523607
 -0.27479098499176935
 -0.82996572325234164
 -0.49550035835552042
 0.68756384485360211
 -0.7295177668994266
 -0.64799609865697816
 0.9709110823601208
 0.80417300071121733
 0.17415565168573832
 0.2106953069430928
 -0.79597803968032688
 -0.0389899961283251
 0.79042756912291723
 0.071462691342771834
 0.71275348159778296
 -0.32649293094089527
 0.60166094471234488
 0.26313934882354961
 0.12161421840699571
 0.13270005031590171
 0.95082981242730957
 -0.60908028238938505
 -0.35598277025727265
 0.12223169404581991
 -0.15413900750491361
 0.036132828296932873
 -0.02684112083893031
 -0.39472798795708508
 -0.48397255199485523
 0.68884556361045757
 -0.63717181915299981
 -0.77752563956160903
 -0.57735025560260955
 -0.36134204521104696
 0.82596786644872533
 -0.02844365813449734
 -0.98855433352629496
 0.12164405863868599
 -0.37074823676002411
 0.43092554022348528
 0.60804346106414808
 -0.44507569160644556
 0.76617246878246581
 -0.71270286953597473
 0.37844314553367808
 -0.89412592858171269
 0.7370102052227876
 -0.13419970065107023
 0.21906723049580767
 0.76655114549286019
 0.25474487390429079
 0.92516849888003749
 0.06241599589576019
 -0.70082292288124748
 0.2376803180903746
 -0.19448118070668863
 0.74265084782762214
 0.047354695942955827
 -0.10376493559534428
 -0.54990075538670347
 -0.28117802539132697
 -0.20240151287706021
 0.63333246805767662
 -0.90666083467042835
 -0.27193832415980634
 0.11636671485936945
 0.57426492366505411
 0.48057147579219639
