# Created by Octave 6.1.0, Wed Dec 30 11:49:33 2020 GMT <unknown@Lenovo-PC>
# name: savedCNNtable
# type: scalar struct
# ndims: 2
 1 1
# length: 3
# name: layer1
# type: matrix
# ndims: 3
 5 5 32
 -0.082965702175465728
 0.46197992600512516
 0.82455391900220887
 -0.85087123582533919
 0.69443163879304892
 -0.25962597423522227
 -0.26961006361971585
 -0.18883624061951321
 0.69253073762410167
 -0.77503364563002308
 0.48239305153446499
 -0.94906077203461203
 0.84722853325612779
 -0.77633888944297635
 0.88135698946690422
 0.09087325117920142
 0.97162390061747739
 -0.082970964772674405
 -0.95264528281234084
 0.99984983839899266
 0.87186024952803498
 -0.71512412711606554
 0.50039008863624268
 -0.39948900124653353
 -0.48728895979442655
 0.20343056783601265
 0.70759626322722791
 0.77710303473528008
 0.66751078133975938
 -0.81885502099139962
 -0.37178355877208635
 0.63316782969057428
 0.80438147994936648
 -0.99785626255035642
 0.66523539607222215
 -0.96801716722943087
 0.36135495045125876
 -0.78714004897657786
 0.07345332605921695
 0.13174883090674627
 -0.27837892682110121
 0.29567503589746225
 -0.59324536226299385
 -0.75834200481171732
 -0.23659940190948436
 0.35152876301703584
 0.48741585792322728
 0.48370268277932871
 -0.40086448231501381
 0.16539569808794585
 0.73064777065932507
 -0.69613019628654427
 -0.15318017519306637
 0.252653724029132
 0.66817450316752058
 -0.7941855574926584
 0.067018923768946026
 -0.45859476528944221
 -0.069034001078647655
 -0.068608436084485191
 -0.48478598797021721
 -0.9175714727435238
 0.16599413970038146
 0.71667729422876914
 0.30461624329340142
 0.66553670511026231
 -0.28807676857239972
 -0.16553409680685793
 -0.54376904946312199
 -0.37041670470234123
 0.087758803342745884
 0.021396912407212421
 -0.73079137022883822
 0.84253481262534424
 -0.58958384167648425
 0.35984067603344916
 0.28470938920760358
 0.80750328638589131
 0.53571723017970307
 0.39975578562027381
 0.94591745150015005
 -0.59476206431238632
 -0.59251429710260761
 0.48717183354646387
 0.59093225263433369
 0.40996658277988485
 -0.88936774775520244
 0.7091542219083895
 0.64513994068190561
 0.93919163239369685
 -0.62764063987417984
 0.16914154103695767
 -0.016348687223716185
 -0.58372603660257316
 -0.75403933228000075
 -0.22222117951226439
 0.74528979637143822
 -0.085206166146094997
 0.79009495502561755
 0.12919464340366082
 0.2078218765080857
 0.36670730920126049
 -0.41522035607376973
 0.52825027149985981
 -0.38363370975927436
 -0.28454148363485476
 -0.73923718763008961
 0.7780892654200473
 0.24099276261176183
 -0.32468077471537793
 -0.70548075338144312
 -0.25574779618550081
 -0.8752181665807286
 -0.38523418933379072
 -0.68452867424147934
 0.022647654981936327
 -0.26490710066549639
 -0.78478920402022712
 0.87441279762022428
 -0.88402661145942463
 -0.38465636306300555
 -0.8404747596367983
 0.5366438960905664
 0.55745637260010583
 0.38131491247290827
 0.49992467640645666
 0.97704603775992593
 -0.97136791293405222
 -0.91489070394648819
 -0.11976505738251664
 0.28539910465305995
 0.85369856900314711
 -0.77285431743294541
 -0.6444563374384491
 0.49504170693644234
 -0.91774048693419852
 -0.26220367836609748
 -0.24495690304897932
 0.51306743168172675
 0.63732180109451075
 -0.75166720338184412
 -0.27234345318842523
 0.66333217295860303
 -0.15868858975134281
 0.79467563441122291
 0.12345985235495593
 -0.069096290264769378
 0.20600822179132927
 0.20158398196182459
 -0.21389698001602353
 -0.32025371995161311
 -0.26155817567549877
 0.0075469129469232232
 -0.39855134997011654
 0.40467107667901248
 0.95224762261384677
 0.79225411494698927
 -0.51077450340764829
 0.71946594518632745
 0.188933110206148
 -0.0052978568240631407
 -0.4146508404729552
 0.70900877933866147
 -0.27866263143606607
 0.047821799852594715
 0.13373604813597861
 0.45693298839850338
 -0.1398823403063405
 0.44305699151450328
 0.6265433556426574
 0.86482576099701469
 -0.41289875844481028
 0.56173832392807332
 0.55274722718442448
 -0.42478160449088787
 -0.88457713561070417
 -0.83778478980017024
 0.030124018342721159
 0.75188776036968763
 -0.83399267620582629
 0.30405382361896871
 -0.37563311798695054
 0.27653599593137113
 0.30447819243745933
 0.73900295480108991
 0.38900515602246832
 0.26765774674004006
 0.096898634191509014
 -0.1655887750550209
 0.93370802906768668
 -0.98518597388776419
 -0.7388122409189688
 -0.85406204384970019
 -0.09414462464118234
 0.98433080281248708
 -0.36825630627264738
 0.96892764087222449
 -0.98426864970805572
 0.94888074485747054
 0.2560291143311777
 -0.28298846238408726
 0.9600434407695837
 0.27963150587290064
 0.58963234216199178
 -0.30743576642606651
 -0.35807599265856527
 0.73997877881586227
 0.82126675920481929
 0.0045094111360719502
 -0.47351229482277812
 -0.79339465352029381
 -0.58481081430061743
 0.52650345884943084
 -0.07532561951022787
 -0.073665357122641106
 0.0091921636557055209
 0.64689904988456171
 -0.91526519327997802
 0.88264918913050949
 -0.20333939276695134
 -0.58471429791660512
 0.80634567289014702
 0.38720478960453142
 -0.30491718540608703
 0.020342075762299405
 -0.011277960262049636
 0.71970345929492319
 -0.27483297579867272
 -0.78353469178651758
 0.42079621421665925
 0.45180208560455126
 -0.81826040415572598
 -0.52140966391034227
 -0.50065890144741587
 -0.57385486687519682
 0.051517232591169915
 -0.93506772948616423
 0.40088164543023153
 0.091117993413385445
 -0.23737644053257445
 0.2469650177816376
 0.35599804523485568
 -0.25633984652140707
 -0.97356484949461275
 0.10486292592479973
 0.20064713167609005
 -0.62544532228887717
 0.7878247121279045
 -0.53174396559467629
 0.37245710985335156
 0.98326878133567708
 0.77251115404072102
 0.45314997394898637
 0.68668390339440499
 0.84891598908760346
 0.5127331181644923
 -0.64519615463019919
 -0.2336119278359623
 -0.86833878760100403
 0.6503988608403739
 0.31083877822599337
 0.23675449596368359
 0.98382083591413072
 -0.62008818796236209
 -0.91255375619007606
 -0.035221792632082582
 -0.89782581597575106
 0.35290668309515105
 -0.72215171265306544
 0.012882315614748618
 -0.26933830986330509
 0.67414039010977644
 0.9658208904057477
 -0.75054628300836912
 -0.78733402628571625
 -0.33124710854770312
 0.83939616461848998
 0.8214750666927404
 0.34105496351034881
 -0.8195243598103612
 -0.74735843451537742
 -0.87505084796922561
 0.32173114321808494
 0.31809621411730715
 0.99646371057277183
 -0.45360532046082103
 0.40746774681638009
 0.45950829445891728
 -0.7470782238511533
 -0.99160261084075985
 0.69712749688063802
 -0.36330351060043231
 -0.69539932648820169
 -0.23146088200413462
 -0.78083300252364674
 -0.98155493533794869
 0.022987489828793839
 -0.13111503604004837
 0.71583768273319737
 -0.40328639032683267
 -0.037350218551847059
 0.37797789964850459
 -0.052490422306128437
 -0.14888847281290651
 0.61670749622787624
 -0.73227490875634627
 0.030683911433967648
 -0.05368588320866885
 0.60953296456507444
 -0.7743103381869465
 -0.74442734096477436
 0.097596384545933113
 -0.24951383920560732
 -0.20295878082968333
 -0.41765208240831497
 -0.14430902563513226
 -0.864389351292282
 0.33032796963588473
 -0.39379236251964467
 -0.026347930591089641
 -0.57623840071689059
 -0.43718383057787658
 -0.17485663131371321
 -0.021442026386403468
 0.85239678895383264
 0.8676854331307382
 -0.71145791810165693
 -0.69192600611686705
 -0.85806831481326817
 0.31735101096975127
 0.5217281267561058
 0.21366890202513988
 0.19571496287198586
 -0.96785833312301484
 -0.90978373060632167
 0.56768019713189588
 -0.57284142635194146
 0.4621022459029116
 0.50188676043361236
 -0.7280388276230414
 -0.17705668144551434
 -0.63464662553129281
 -0.81181465829365784
 0.91402502499134153
 0.94606480885774857
 -0.057317841216446785
 -0.34772780478476029
 -0.60297799776996275
 -0.28216896001421365
 0.43220273561118039
 0.24968615205847833
 0.10560375978059611
 0.46984650285734575
 0.8165774644996604
 0.51065692963076836
 0.50609664360765994
 -0.30808603297693327
 0.26309740735326947
 0.91111614451674727
 0.41053421693825309
 -0.9136370674045049
 -0.41165963323766097
 -0.38042308405543457
