# Created by Octave 6.1.0, Tue Dec 29 16:36:10 2020 GMT <unknown@Lenovo-PC>
# name: savedCNNtable
# type: scalar struct
# ndims: 2
 1 1
# length: 5
# name: layer1
# type: matrix
# ndims: 3
 5 5 6
 0.48984432155869562
 0.49979227897084444
 0.14770516595768268
 -0.5323934505077661
 -0.22000211405805836
 0.10402201503424346
 0.62896922859811744
 0.70097773952299014
 0.4538666805049294
 -0.72458017068331371
 -0.86370351932313283
 -0.071463810083926216
 0.46948447944473948
 -0.7486340913244387
 0.62252432500858235
 0.57015758935146921
 -0.29869177354208221
 0.26925058855140849
 -0.141810642334814
 -0.98968536116132433
 -0.24419617287760231
 0.070676931136075094
 -0.58957104989069098
 0.96983324888061029
 -0.75623645900066738
 0.4450068738527706
 -0.022068936176741882
 -0.037277624199579584
 0.67081670934578286
 0.09041843441132924
 -0.54145005912895616
 0.63202959610252685
 0.81071066179854911
 0.58046966772586406
 -0.11702475446577587
 0.62882143636049004
 0.04045611334130883
 0.93580592345475822
 0.35914235518708049
 -0.92139885775685348
 -0.30066535006916184
 0.062232208886747964
 -0.38507640719559122
 0.4019442816744736
 0.34907391133276611
 -0.23769054682055679
 0.8041301194032926
 0.28060190338241053
 0.044737397062231343
 0.98302573223314749
 -0.3413387836982833
 0.98446711623584071
 0.27421266797933175
 -0.090332125183866907
 0.58100901506345459
 -0.39621294733797718
 0.59082863311883682
 0.39235204464742601
 0.46200459791509019
 0.97805254701857947
 0.79732693443140601
 0.061838466107450918
 -0.41794814038265748
 0.24770000109433754
 -0.79326929778179878
 -0.71769657589544211
 0.82015365772750171
 0.75268547960273557
 -0.18779902553675187
 0.50269105884564569
 0.76878924599511111
 -0.21062579795833658
 0.93068463819398706
 0.07085962002974866
 -0.37831930693014404
 0.41519419998888618
 -0.28675751664417248
 0.47745090198319651
 -0.79504848320006616
 0.51773707497526744
 -0.82285746475913757
 0.1772751824013401
 0.81766250208711067
 0.89101164650511633
 0.33585484033038471
 -0.99683093699437486
 -0.91979218840026533
 -0.89591838092559506
 0.21168761511709588
 -0.27288086081853269
 -0.068045709645833563
 -0.49610522171502791
 0.33261225122887073
 -0.94376499344588249
 -0.53393457035479575
 -0.88828206634204032
 -0.90030278826873023
 -0.40632462202771524
 -0.53378812849373869
 0.69708326082491578
 -0.6502544678045945
 -0.55780138576254235
 0.16622339434769984
 -0.63175561294154248
 -0.9049688702781773
 0.42443887889435361
 -0.42508411006871261
 0.051215925266023365
 0.9990212148778157
 -0.7673988874541906
 0.32096156168227941
 0.8302620969718808
 -0.95142455049937569
 0.37786729906805228
 -0.34211445318988387
 -0.094603309778053424
 -0.42891305212574471
 -0.23153774991510923
 0.0014872934827572237
 -0.27432161906913821
 0.39323318658665518
 -0.96230652575832454
 -0.32950763479909284
 0.10629574522892016
 -0.5688303174009397
 -0.93394499441950396
 -0.027902727908559743
 0.54796622898479042
 0.78937478215863099
 -0.91240108367569839
 -0.22908967959316939
 -0.60959760906411087
 -0.17395246242484985
 0.013435929878077513
 0.076771398995018281
 0.66878593651559526
 -0.63861084580010652
 0.6942598033581282
 0.52868036872336721
 -0.1831410743789057
 -0.23420325111746565
 0.73572372635669225
 -0.91150896416045768
 -0.97764390704625459
 -0.31584754215070365
 0.52360589039182748
 -0.63028370364714115
 0.13030541581490485
 -0.1504240526808196
 -0.35227450239311486


# name: layer2
# type: matrix
# ndims: 3
 5 5 16
 -0.32237308813825094
 -0.5847848093193575
 0.66769029289580306
 -0.3342977554308344
 0.70528956364875617
 0.67286602271968987
 -0.64916239488903327
 -0.010710911754403973
 -0.83625080381798589
 0.35188290592399563
 -0.84541022213116901
 0.027644467388888705
 -0.11589677629613804
 -0.55277781979148788
 0.23128019816895695
 -0.78077171768102316
 -0.62687178902559038
 0.95942887249287834
 0.10035364149834214
 -0.61250528200060228
 -0.023869390208112629
 -0.48899328262559538
 -0.0073416385725961764
 -0.85999238058021366
 -0.47314866399230682
 0.92268221518262417
 0.32494357782066108
 -0.68926392286569471
 -0.28449828446480296
 -0.27946432751677031
 0.79407690800914965
 -0.043860586410227276
 -0.55436453449467304
 -0.01764887863160447
 0.17502550652739002
 -0.37305591351523493
 0.94872515977040051
 0.16596710006621951
 0.63909908294114315
 0.81692227606731782
 -0.70724370602517883
 -0.90220465421969576
 -0.11207705209642338
 -0.40706484841407864
 -0.73897558735976299
 0.23155462332488619
 0.60071529970757975
 -0.85306331655821754
 0.48867879666340031
 0.3032818774661945
 -0.13668620242239782
 -0.38638015349899746
 0.43753625935092155
 -0.14901976883094759
 0.82578329789969795
 0.99893010475006583
 -0.217159398043963
 0.92016766044853648
 0.022750274082444122
 0.40386779792251382
 0.48660864108287405
 -0.049483435105974971
 -0.84278550855074474
 0.80667585292189936
 -0.79486358358787612
 -0.72748384194425419
 -0.82019321749446616
 -0.88057852120066649
 -0.37161622001068384
 -0.11608440410617171
 0.89065196623825593
 0.47054679938690547
 0.32932707846502463
 0.58051787162102864
 -0.6187031645587604
 0.4015082683159541
 -0.61422391845587265
 -0.29516432742513854
 0.76069215040622673
 -0.85628652069149225
 -0.8720328399536128
 0.22901251507188181
 0.15306200423236316
 -0.9733397575397047
 0.27705628900389967
 0.85378085063964559
 -0.17036570228862313
 -0.76795216911594788
 0.11962524716889367
 0.12031128155327764
 0.54721779650599256
 -0.78898221213565889
 -0.71450996359781649
 -0.45550549029278797
 -0.54256494066761163
 -0.69734994011199714
 -0.18602056101836983
 0.35604213456163936
 -0.1416005786465715
 -0.11648721341272772
 -0.6514076703401408
 0.05650640989123823
 0.016971141359748643
 -0.28247922508648093
 0.59244872068569743
 0.64312122967142615
 -0.53375287172123476
 -0.1108525074296618
 -0.74041404395982013
 0.45419300999102852
 -0.48882455815872561
 -0.63181130847732114
 0.62892264773191364
 -0.46087401171660924
 0.89251564162712893
 -0.09812358892838513
 0.14390648225593394
 0.42329096499452157
 -0.4625948399494888
 0.20393448305938078
 0.88557724373533442
 -0.13457585552027385
 -0.52010614715042736
 0.073039986019777459
 0.23879977801320873
 0.16948491447056679
 -0.29318021380131731
 -0.71557463956457767
 0.49138710343659509
 0.40046520680724207
 0.83796595585090983
 -0.62134515729977458
 0.6847007354512904
 -0.88553527604379334
 0.28711981774064843
 0.88114070966312141
 -0.21102325090337515
 -0.52562537649083296
 -0.56111583240105878
 -0.22409831960587701
 -0.65716745818787725
 0.95560553326717157
 0.8447998689604419
 -0.1230767299973643
 0.42856086991163367
 0.890367827526235
 0.67400042230073254
 -0.77191952385932261
 0.96301732691947062
 -0.93898931278646813
 0.34509090521501395
 0.048664273664483115
 0.36669707492239967
 0.38728951853228821
 -0.14059147168316444
 -0.15514847039404511
 0.960828824096851
 -0.099975134349917782
 0.70562154743405414
 -0.87686481943628225
 -0.878400578032692
 0.96616721662700056
 -0.43629535082995963
 -0.38253013419098325
 -0.64438354752347826
 -0.14248111526611296
 0.032483293157550275
 -0.21776875462378587
 0.28107638707631311
 -0.91446634740409105
 0.46243681997712494
 -0.89278070497905526
 -0.083007055982196265
 -0.11250722234449873
 -0.447982065361195
 0.35722452698936147
 0.61950399079966867
 -0.49310763875596786
 -0.3338735644811528
 -0.61493587252997939
 0.88193753536880637
 -0.89014989008431344
 -0.61863249245869323
 -0.47430178708859305
 0.71281416099120687
 -0.86971081107249049
 -0.71822719925769052
 0.60430445517280895
 -0.077617058796817018
 0.083552542187773193
 -0.048042308624057117
 0.3086858250403286
 0.99386029166181022
 0.57047745329610322
 -0.61034545937014739
 -0.88633015880856569
 -0.96520822386178251
 -0.089454502256359314
 0.33655621545324377
 -0.25371086783143837
 -0.71650407882847844
 0.46578343623945728
 -0.71843649954344246
 0.39833978049302377
 0.97927954455313704
 0.52857418699324721
 -0.22997214564196922
 -0.001260747671349316
 -0.4076698636719891
 -0.051797972695106331
